{
  "nbformat": 4,
  "nbformat_minor": 0,
  "metadata": {
    "colab": {
      "name": "U-map & K-means.ipynb",
      "provenance": [],
      "authorship_tag": "ABX9TyOUmtinHWRt70gyA8/CPtEU",
      "include_colab_link": true
    },
    "kernelspec": {
      "name": "python3",
      "display_name": "Python 3"
    },
    "language_info": {
      "name": "python"
    }
  },
  "cells": [
    {
      "cell_type": "markdown",
      "metadata": {
        "id": "view-in-github",
        "colab_type": "text"
      },
      "source": [
        "<a href=\"https://colab.research.google.com/github/sush2004/Python/blob/main/U_map_%26_K_means.ipynb\" target=\"_parent\"><img src=\"https://colab.research.google.com/assets/colab-badge.svg\" alt=\"Open In Colab\"/></a>"
      ]
    },
    {
      "cell_type": "code",
      "metadata": {
        "id": "Kl7ElpD57G1A",
        "colab": {
          "base_uri": "https://localhost:8080/"
        },
        "outputId": "96bff23d-ac63-4c96-ba27-dc5061840790"
      },
      "source": [
        "pip install umap-learn"
      ],
      "execution_count": null,
      "outputs": [
        {
          "output_type": "stream",
          "text": [
            "Requirement already satisfied: umap-learn in /usr/local/lib/python3.7/dist-packages (0.5.1)\n",
            "Requirement already satisfied: numpy>=1.17 in /usr/local/lib/python3.7/dist-packages (from umap-learn) (1.19.5)\n",
            "Requirement already satisfied: numba>=0.49 in /usr/local/lib/python3.7/dist-packages (from umap-learn) (0.51.2)\n",
            "Requirement already satisfied: scipy>=1.0 in /usr/local/lib/python3.7/dist-packages (from umap-learn) (1.4.1)\n",
            "Requirement already satisfied: pynndescent>=0.5 in /usr/local/lib/python3.7/dist-packages (from umap-learn) (0.5.2)\n",
            "Requirement already satisfied: scikit-learn>=0.22 in /usr/local/lib/python3.7/dist-packages (from umap-learn) (0.22.2.post1)\n",
            "Requirement already satisfied: setuptools in /usr/local/lib/python3.7/dist-packages (from numba>=0.49->umap-learn) (54.2.0)\n",
            "Requirement already satisfied: llvmlite<0.35,>=0.34.0.dev0 in /usr/local/lib/python3.7/dist-packages (from numba>=0.49->umap-learn) (0.34.0)\n",
            "Requirement already satisfied: joblib>=0.11 in /usr/local/lib/python3.7/dist-packages (from pynndescent>=0.5->umap-learn) (1.0.1)\n"
          ],
          "name": "stdout"
        }
      ]
    },
    {
      "cell_type": "code",
      "metadata": {
        "colab": {
          "base_uri": "https://localhost:8080/",
          "height": 1000
        },
        "id": "bWUMK8B06O0Z",
        "outputId": "36eaf98c-36fb-4aaf-c21b-66261f491ef7"
      },
      "source": [
        "import numpy as np\n",
        "import pandas as pd\n",
        "import matplotlib.pyplot as plt\n",
        "from sklearn.preprocessing import StandardScaler\n",
        "from sklearn.cluster import KMeans\n",
        "import umap\n",
        "import plotly.graph_objs as go\n",
        "import plotly.figure_factory as ff\n",
        "\n",
        "# Importing dataset and examining it\n",
        "dataset = pd.read_csv(\"Employees.csv\")\n",
        "print(dataset.head())\n",
        "print(dataset.shape)\n",
        "print(dataset.info())\n",
        "print(dataset.describe())\n",
        "\n",
        "# Converting categorical features to numerical features\n",
        "dataset['Gender'] = dataset['Gender'].map({'Male': 1, 'Female':0})\n",
        "dataset['OverTime'] = dataset['OverTime'].map({'Yes': 1, 'No':0})\n",
        "\n",
        "# Plotting Correlation Heatmap\n",
        "corrs = dataset.corr()\n",
        "figure = ff.create_annotated_heatmap(\n",
        "    z=corrs.values,\n",
        "    x=list(corrs.columns),\n",
        "    y=list(corrs.index),\n",
        "    annotation_text=corrs.round(2).values,\n",
        "    showscale=True)\n",
        "figure.show()\n",
        "\n",
        "# Dropping columns with high correlation + causation\n",
        "dataset = dataset.drop(['YearsWithCurrManager','TotalWorkingYears','YearsSinceLastPromotion', 'PercentSalaryHike', 'JobLevel'], axis = 1)\n",
        "print(dataset.info())\n",
        "  \n",
        "# Creating dummy columns\n",
        "categorical_features = ['BusinessTravel', 'Department', 'EducationField', 'JobRole', 'MaritalStatus']\n",
        "final_data = pd.get_dummies(dataset, columns = categorical_features)\n",
        "print(final_data.info())\n",
        "print(final_data.head(2))\n",
        "\n",
        "# Dividing data into subsets\n",
        "#Personal Data\n",
        "subset1 = final_data[['Age','Gender','MaritalStatus_Single','MaritalStatus_Married','MaritalStatus_Divorced','Education','EducationField_Human Resources','EducationField_Life Sciences','EducationField_Marketing','EducationField_Medical','EducationField_Other','EducationField_Technical Degree','DistanceFromHome']]\n",
        "\n",
        "#Work Data\n",
        "subset2 = final_data[['Department_Human Resources','Department_Research & Development','Department_Sales','OverTime','StockOptionLevel','TrainingTimesLastYear','YearsAtCompany','YearsInCurrentRole','PerformanceRating']]\n",
        "\n",
        "#Life Quality Data\n",
        "subset3 = final_data[['JobSatisfaction', 'EnvironmentSatisfaction', 'JobInvolvement', 'WorkLifeBalance']]\n",
        "\n",
        "#Potential Churn factors\n",
        "subset4 = final_data[['JobSatisfaction', 'EnvironmentSatisfaction', 'JobInvolvement', 'WorkLifeBalance','OverTime','StockOptionLevel','YearsAtCompany','YearsInCurrentRole','PerformanceRating']]\n",
        "\n",
        "# Normalizing numerical features so that each feature has mean 0 and variance 1\n",
        "feature_scaler = StandardScaler()\n",
        "X1 = feature_scaler.fit_transform(subset1)\n",
        "X2 = feature_scaler.fit_transform(subset2)\n",
        "X3 = feature_scaler.fit_transform(subset3)\n",
        "X4 = feature_scaler.fit_transform(subset4)\n",
        "\n",
        "1# Analysis on subset1 - Personal Data\n",
        "# Implementing UMAP to visualize dataset\n",
        "u = umap.UMAP(n_neighbors=150, min_dist=0.4)\n",
        "x_umap = u.fit_transform(X1)\n",
        "\n",
        "# Finding the number of clusters (K) - Elbow Plot Method\n",
        "inertia = []\n",
        "for i in range(1,11):\n",
        "    kmeans = KMeans(n_clusters = i, random_state = 100)\n",
        "    kmeans.fit(x_umap)\n",
        "    inertia.append(kmeans.inertia_)\n",
        "\n",
        "plt.plot(range(1, 11), inertia)\n",
        "plt.title('The Elbow Plot')\n",
        "plt.xlabel('Number of clusters')\n",
        "plt.ylabel('Inertia')\n",
        "plt.show()\n",
        "\n",
        "# Running KMeans to generate labels\n",
        "kmeans = KMeans(n_clusters = 2)\n",
        "kmeans.fit(x_umap)\n",
        "\n",
        "age = list(dataset['Age'])\n",
        "gender = list(dataset['Gender'])\n",
        "marital = list(dataset['MaritalStatus'])\n",
        "education = list(dataset['Education'])\n",
        "educationfield = list(dataset['EducationField'])\n",
        "distance = list(dataset['DistanceFromHome'])\n",
        "\n",
        "data = [go.Scatter(x=x_umap[:,0], y=x_umap[:,1], mode='markers',\n",
        "                    marker = dict(color=kmeans.labels_, colorscale='Rainbow', opacity=0.5),\n",
        "                                text=[f'Age: {a}; Gender: {b}; MaritalStatus:{c}, Education:{d}, EducationField:{e}, DistanceFromHome:{f}' for a,b,c,d,e,f in list(zip(age,gender,marital,education,educationfield,distance))],\n",
        "                                hoverinfo='text')]\n",
        "\n",
        "layout = go.Layout(title = 'UMAP Dimensionality Reduction', width = 700, height = 700,\n",
        "                    xaxis = dict(title='First Dimension'),\n",
        "                    yaxis = dict(title='Second Dimension'))\n",
        "fig = go.Figure(data=data, layout=layout)\n",
        "fig.show()\n"
      ],
      "execution_count": null,
      "outputs": [
        {
          "output_type": "stream",
          "text": [
            "   Age BusinessTravel  ... YearsSinceLastPromotion  YearsWithCurrManager\n",
            "0   46  Travel_Rarely  ...                       0                     2\n",
            "1   37  Travel_Rarely  ...                       0                     2\n",
            "2   59     Non-Travel  ...                       2                     2\n",
            "3   54     Non-Travel  ...                       4                     4\n",
            "4   26  Travel_Rarely  ...                       5                     7\n",
            "\n",
            "[5 rows x 26 columns]\n",
            "(1470, 26)\n",
            "<class 'pandas.core.frame.DataFrame'>\n",
            "RangeIndex: 1470 entries, 0 to 1469\n",
            "Data columns (total 26 columns):\n",
            " #   Column                   Non-Null Count  Dtype \n",
            "---  ------                   --------------  ----- \n",
            " 0   Age                      1470 non-null   int64 \n",
            " 1   BusinessTravel           1470 non-null   object\n",
            " 2   Department               1470 non-null   object\n",
            " 3   DistanceFromHome         1470 non-null   int64 \n",
            " 4   Education                1470 non-null   int64 \n",
            " 5   EducationField           1470 non-null   object\n",
            " 6   EnvironmentSatisfaction  1470 non-null   int64 \n",
            " 7   Gender                   1470 non-null   object\n",
            " 8   JobInvolvement           1470 non-null   int64 \n",
            " 9   JobLevel                 1470 non-null   int64 \n",
            " 10  JobRole                  1470 non-null   object\n",
            " 11  JobSatisfaction          1470 non-null   int64 \n",
            " 12  MaritalStatus            1470 non-null   object\n",
            " 13  MonthlyIncome            1470 non-null   int64 \n",
            " 14  NumCompaniesWorked       1470 non-null   int64 \n",
            " 15  OverTime                 1470 non-null   object\n",
            " 16  PercentSalaryHike        1470 non-null   int64 \n",
            " 17  PerformanceRating        1470 non-null   int64 \n",
            " 18  StockOptionLevel         1470 non-null   int64 \n",
            " 19  TotalWorkingYears        1470 non-null   int64 \n",
            " 20  TrainingTimesLastYear    1470 non-null   int64 \n",
            " 21  WorkLifeBalance          1470 non-null   int64 \n",
            " 22  YearsAtCompany           1470 non-null   int64 \n",
            " 23  YearsInCurrentRole       1470 non-null   int64 \n",
            " 24  YearsSinceLastPromotion  1470 non-null   int64 \n",
            " 25  YearsWithCurrManager     1470 non-null   int64 \n",
            "dtypes: int64(19), object(7)\n",
            "memory usage: 298.7+ KB\n",
            "None\n",
            "               Age  ...  YearsWithCurrManager\n",
            "count  1470.000000  ...           1470.000000\n",
            "mean     36.923810  ...              4.123129\n",
            "std       9.135373  ...              3.568136\n",
            "min      18.000000  ...              0.000000\n",
            "25%      30.000000  ...              2.000000\n",
            "50%      36.000000  ...              3.000000\n",
            "75%      43.000000  ...              7.000000\n",
            "max      60.000000  ...             17.000000\n",
            "\n",
            "[8 rows x 19 columns]\n"
          ],
          "name": "stdout"
        },
        {
          "output_type": "display_data",
          "data": {
            "text/html": [
              "<html>\n",
              "<head><meta charset=\"utf-8\" /></head>\n",
              "<body>\n",
              "    <div>\n",
              "            <script src=\"https://cdnjs.cloudflare.com/ajax/libs/mathjax/2.7.5/MathJax.js?config=TeX-AMS-MML_SVG\"></script><script type=\"text/javascript\">if (window.MathJax) {MathJax.Hub.Config({SVG: {font: \"STIX-Web\"}});}</script>\n",
              "                <script type=\"text/javascript\">window.PlotlyConfig = {MathJaxConfig: 'local'};</script>\n",
              "        <script src=\"https://cdn.plot.ly/plotly-latest.min.js\"></script>    \n",
              "            <div id=\"caafface-536d-4e67-b702-29311e2e8ea8\" class=\"plotly-graph-div\" style=\"height:525px; width:100%;\"></div>\n",
              "            <script type=\"text/javascript\">\n",
              "                \n",
              "                    window.PLOTLYENV=window.PLOTLYENV || {};\n",
              "                    \n",
              "                if (document.getElementById(\"caafface-536d-4e67-b702-29311e2e8ea8\")) {\n",
              "                    Plotly.newPlot(\n",
              "                        'caafface-536d-4e67-b702-29311e2e8ea8',\n",
              "                        [{\"colorscale\": [[0.0, \"#0d0887\"], [0.1111111111111111, \"#46039f\"], [0.2222222222222222, \"#7201a8\"], [0.3333333333333333, \"#9c179e\"], [0.4444444444444444, \"#bd3786\"], [0.5555555555555556, \"#d8576b\"], [0.6666666666666666, \"#ed7953\"], [0.7777777777777778, \"#fb9f3a\"], [0.8888888888888888, \"#fdca26\"], [1.0, \"#f0f921\"]], \"reversescale\": false, \"showscale\": true, \"type\": \"heatmap\", \"x\": [\"Age\", \"DistanceFromHome\", \"Education\", \"EnvironmentSatisfaction\", \"Gender\", \"JobInvolvement\", \"JobLevel\", \"JobSatisfaction\", \"MonthlyIncome\", \"NumCompaniesWorked\", \"OverTime\", \"PercentSalaryHike\", \"PerformanceRating\", \"StockOptionLevel\", \"TotalWorkingYears\", \"TrainingTimesLastYear\", \"WorkLifeBalance\", \"YearsAtCompany\", \"YearsInCurrentRole\", \"YearsSinceLastPromotion\", \"YearsWithCurrManager\"], \"y\": [\"Age\", \"DistanceFromHome\", \"Education\", \"EnvironmentSatisfaction\", \"Gender\", \"JobInvolvement\", \"JobLevel\", \"JobSatisfaction\", \"MonthlyIncome\", \"NumCompaniesWorked\", \"OverTime\", \"PercentSalaryHike\", \"PerformanceRating\", \"StockOptionLevel\", \"TotalWorkingYears\", \"TrainingTimesLastYear\", \"WorkLifeBalance\", \"YearsAtCompany\", \"YearsInCurrentRole\", \"YearsSinceLastPromotion\", \"YearsWithCurrManager\"], \"z\": [[1.0, -0.0016861201480870237, 0.2080337310142397, 0.01014642786143732, -0.036310550115792976, 0.02981995862959055, 0.5096042284323883, -0.00489187714868734, 0.4978545669265809, 0.2996347579836926, 0.02806235708412407, 0.003633584914861761, 0.0019038955127583562, 0.037509712424777804, 0.6803805357911984, -0.01962081894269837, -0.0214900279570985, 0.31130876974509886, 0.21290105556556713, 0.2165133678516537, 0.20208860237515197], [-0.0016861201480870237, 1.0, 0.02104182562412333, -0.016075326996493434, -0.0018505279911258052, 0.008783279886444213, 0.0053027305544961845, -0.0036688391677204735, -0.01701444474527582, -0.029250804197292934, 0.025513634949946108, 0.04023537745919319, 0.02710961848197596, 0.044871998853181425, 0.004628425863783839, -0.036942234339916, -0.026556004106568828, 0.009507719899011308, 0.018844999108945673, 0.01002883594311539, 0.014406048430629948], [0.2080337310142397, 0.02104182562412333, 1.0, -0.027128313256511702, -0.016546827443884846, 0.04243763431860809, 0.10158888624850121, -0.011296116736574002, 0.09496067704188846, 0.12631656017668405, -0.020321767395703568, -0.011110940860654232, -0.024538791164833238, 0.018422220204016782, 0.14827969653887266, -0.025100241137933448, 0.009819189309781887, 0.06911369603133866, 0.0602355541206957, 0.05425433359132024, 0.06906537825528425], [0.01014642786143732, -0.016075326996493434, -0.027128313256511702, 1.0, 0.0005083138899311312, -0.008277598171759213, 0.001211699448913943, -0.0067843525990751215, -0.006259087754780174, 0.012594323218943259, 0.07013172677409403, -0.031701195241792136, -0.029547952297681115, 0.0034321577550575225, -0.0026930703885341494, -0.019359308347132502, 0.027627295460115383, 0.0014575491911166009, 0.01800746014287856, 0.016193605568453385, -0.004998722628107471], [-0.036310550115792976, -0.0018505279911258052, -0.016546827443884846, 0.0005083138899311312, 1.0, 0.01795975538391658, -0.03940310267613301, 0.033251697422464734, -0.03185849179665402, -0.039147449560278325, -0.04192434795198727, 0.0027326475148592585, -0.01385901836168865, 0.01271571376406282, -0.04688093947778242, -0.03878673547787834, -0.0027526788208192105, -0.029747085935033984, -0.041482728525767364, -0.02698457717294439, -0.030598909280602184], [0.02981995862959055, 0.008783279886444213, 0.04243763431860809, -0.008277598171759213, 0.01795975538391658, 1.0, -0.012629882671190881, -0.021475910335306943, -0.015271490778732862, 0.015012413243111027, -0.003506710569404514, -0.01720457224448057, -0.02907133343907213, 0.021522640378024233, -0.005533182057407515, -0.015337825759428849, -0.014616593162761371, -0.021355426979629784, 0.00871696349761169, -0.02418429236517896, 0.025975807949088877], [0.5096042284323883, 0.0053027305544961845, 0.10158888624850121, 0.001211699448913943, -0.03940310267613301, -0.012629882671190881, 1.0, -0.0019437080267456594, 0.9502999134798537, 0.14250112381048888, 0.0005440477748808921, -0.034730492279418365, -0.021222082108857343, 0.013983910528615617, 0.7822078045362774, -0.018190550193549513, 0.037817745596665994, 0.5347386873756346, 0.38944673287667114, 0.35388534696410356, 0.37528060776572764], [-0.00489187714868734, -0.0036688391677204735, -0.011296116736574002, -0.0067843525990751215, 0.033251697422464734, -0.021475910335306943, -0.0019437080267456594, 1.0, -0.007156742355912722, -0.055699426012745794, 0.024539481060031492, 0.020002039364081955, 0.00229719706378009, 0.010690226120755809, -0.020185072685016823, -0.005779334958609038, -0.0194587102129743, -0.003802627948288031, -0.0023047852298301677, -0.018213567810190973, -0.027656213884289956], [0.4978545669265809, -0.01701444474527582, 0.09496067704188846, -0.006259087754780174, -0.03185849179665402, -0.015271490778732862, 0.9502999134798537, -0.007156742355912722, 1.0, 0.1495152159896972, 0.006089285402589905, -0.02726858644031456, -0.017120138237390663, 0.0054076766968122235, 0.7728932462543567, -0.02173627682389329, 0.030683081556940373, 0.5142848257331967, 0.3638176669287072, 0.34497763816542776, 0.3440788832587201], [0.2996347579836926, -0.029250804197292934, 0.12631656017668405, 0.012594323218943259, -0.039147449560278325, 0.015012413243111027, 0.14250112381048888, -0.055699426012745794, 0.1495152159896972, 1.0, -0.020785821366833906, -0.01023830935992556, -0.014094872753535242, 0.0300754750968977, 0.2376385897847942, -0.0660540717278361, -0.008365684790058694, -0.11842134024259052, -0.09075393370080816, -0.03681389238350803, -0.110319155437732], [0.02806235708412407, 0.025513634949946108, -0.020321767395703568, 0.07013172677409403, -0.04192434795198727, -0.003506710569404514, 0.0005440477748808921, 0.024539481060031492, 0.006089285402589905, -0.020785821366833906, 1.0, -0.0054328266507927695, 0.004369120061652028, -0.00044867072191974455, 0.012754266341936318, -0.07911337155100995, -0.027091878472392732, -0.011687120468355136, -0.029758008947989304, -0.012238822598887792, -0.04158599865385764], [0.003633584914861761, 0.04023537745919319, -0.011110940860654232, -0.031701195241792136, 0.0027326475148592585, -0.01720457224448057, -0.034730492279418365, 0.020002039364081955, -0.02726858644031456, -0.01023830935992556, -0.0054328266507927695, 1.0, 0.7735499964012651, 0.007527747820520298, -0.02060848761769143, -0.005221012351720974, -0.003279636009367971, -0.035991262431953996, -0.0015200265442776545, -0.022154312598866154, -0.011985248472361144], [0.0019038955127583562, 0.02710961848197596, -0.024538791164833238, -0.029547952297681115, -0.01385901836168865, -0.02907133343907213, -0.021222082108857343, 0.00229719706378009, -0.017120138237390663, -0.014094872753535242, 0.004369120061652028, 0.7735499964012651, 1.0, 0.0035064716148098724, 0.00674366790595288, -0.015578881739137716, 0.0025723613176828106, 0.003435126115923833, 0.03498626040719472, 0.017896066144799692, 0.022827168908479724], [0.037509712424777804, 0.044871998853181425, 0.018422220204016782, 0.0034321577550575225, 0.01271571376406282, 0.021522640378024233, 0.013983910528615617, 0.010690226120755809, 0.0054076766968122235, 0.0300754750968977, -0.00044867072191974455, 0.007527747820520298, 0.0035064716148098724, 1.0, 0.010135969318901619, 0.011274069611248955, 0.004128730002871488, 0.015058008028094405, 0.05081787275393108, 0.014352184864355515, 0.024698226563029967], [0.6803805357911984, 0.004628425863783839, 0.14827969653887266, -0.0026930703885341494, -0.04688093947778242, -0.005533182057407515, 0.7822078045362774, -0.020185072685016823, 0.7728932462543567, 0.2376385897847942, 0.012754266341936318, -0.02060848761769143, 0.00674366790595288, 0.010135969318901619, 1.0, -0.035661571279619025, 0.0010076456218965012, 0.6281331552682472, 0.4603646380118083, 0.40485775850255984, 0.4591883970831428], [-0.01962081894269837, -0.036942234339916, -0.025100241137933448, -0.019359308347132502, -0.03878673547787834, -0.015337825759428849, -0.018190550193549513, -0.005779334958609038, -0.02173627682389329, -0.0660540717278361, -0.07911337155100995, -0.005221012351720974, -0.015578881739137716, 0.011274069611248955, -0.035661571279619025, 1.0, 0.028072206603628722, 0.003568665678427457, -0.0057375043379568795, -0.0020665360380059178, -0.004095526021226182], [-0.0214900279570985, -0.026556004106568828, 0.009819189309781887, 0.027627295460115383, -0.0027526788208192105, -0.014616593162761371, 0.037817745596665994, -0.0194587102129743, 0.030683081556940373, -0.008365684790058694, -0.027091878472392732, -0.003279636009367971, 0.0025723613176828106, 0.004128730002871488, 0.0010076456218965012, 0.028072206603628722, 1.0, 0.01208918535458125, 0.04985649792220417, 0.008941249141234252, 0.002759440242340431], [0.31130876974509886, 0.009507719899011308, 0.06911369603133866, 0.0014575491911166009, -0.029747085935033984, -0.021355426979629784, 0.5347386873756346, -0.003802627948288031, 0.5142848257331967, -0.11842134024259052, -0.011687120468355136, -0.035991262431953996, 0.003435126115923833, 0.015058008028094405, 0.6281331552682472, 0.003568665678427457, 0.01208918535458125, 1.0, 0.758753736613461, 0.6184088652176032, 0.7692124251006988], [0.21290105556556713, 0.018844999108945673, 0.0602355541206957, 0.01800746014287856, -0.041482728525767364, 0.00871696349761169, 0.38944673287667114, -0.0023047852298301677, 0.3638176669287072, -0.09075393370080816, -0.029758008947989304, -0.0015200265442776545, 0.03498626040719472, 0.05081787275393108, 0.4603646380118083, -0.0057375043379568795, 0.04985649792220417, 0.758753736613461, 1.0, 0.5480562476995163, 0.7143647616385893], [0.2165133678516537, 0.01002883594311539, 0.05425433359132024, 0.016193605568453385, -0.02698457717294439, -0.02418429236517896, 0.35388534696410356, -0.018213567810190973, 0.34497763816542776, -0.03681389238350803, -0.012238822598887792, -0.022154312598866154, 0.017896066144799692, 0.014352184864355515, 0.40485775850255984, -0.0020665360380059178, 0.008941249141234252, 0.6184088652176032, 0.5480562476995163, 1.0, 0.5102236357788094], [0.20208860237515197, 0.014406048430629948, 0.06906537825528425, -0.004998722628107471, -0.030598909280602184, 0.025975807949088877, 0.37528060776572764, -0.027656213884289956, 0.3440788832587201, -0.110319155437732, -0.04158599865385764, -0.011985248472361144, 0.022827168908479724, 0.024698226563029967, 0.4591883970831428, -0.004095526021226182, 0.002759440242340431, 0.7692124251006988, 0.7143647616385893, 0.5102236357788094, 1.0]]}],\n",
